scales:65.766;7.400;1.633;.333;.200;.100;4.133;90.766;7.133;.366;0;0;0;3.166;84.233;8.533;1.000;.100;.033;0;3.666;157.566;38.000;1.500;0;0;0;3.633;
average-pitch:3.74686860877723261499;
average-note-value:.10400679785198491892;
average-steps:1.55454550510872292555;.36734949528982286397;2.43333333333333333333
repeated-pitches:6.766;1.166;.133;.066;.300;1.100;2.033
repeated-note-value:2.033;5.366;.966;1.633;9.866;88.933;13.079;0
most-used-note-value:.120;.097;.277;.352;;.543;.382;.064;.005;
most-used-pitches:2.066;3.833;3.700;4.183;4.633;.284;.236;.211;.179;.162
time-signature:2.366/4.266;
key-signature:4.28000000000000000000;
