scales:219.033;40.266;9.633;4.200;2.000;2.033;5.600;206.733;32.800;1.133;0;0;0;3.466;208.266;47.466;15.266;6.166;2.600;1.933;5.733;181.533;16.233;.800;0;0;0;3.300;
average-pitch:3.60587468199057260451;
average-note-value:.11888466704010885032;
average-steps:1.31150170731688932978;.05772933265690406396;2.33333333333333333333
repeated-pitches:17.833;5.966;4.100;.166;.066;6.200;3.066
repeated-note-value:14.333;15.800;3.600;4.300;22.533;105.433;9.472;0
most-used-note-value:.160;.167;.272;.369;.280;.498;.254;.120;.043;.018
most-used-pitches:3.833;2.466;2.933;3.200;4.450;.241;.208;.184;.157;.139
time-signature:3.252/4.506;
key-signature:4.85333333333333333333;
