scales:72.740;33.592;10.444;2.481;.740;32.185;5.148;36.851;1.444;0;0;0;32.185;2.592;83.777;25.888;10.666;5.703;1.666;32.296;5.777;60.074;5.962;.296;0;0;32.185;2.962;
average-pitch:3.07515569275695604779;
average-note-value:.16772100632692952518;
average-steps:1.89581247922111585638;.50771232690660703165;2.74074074074074074074
repeated-pitches:1.962;.481;0;0;0;.333;1.555
repeated-note-value:8.925;5.481;2.296;1.777;3.925;19.777;2.629;
most-used-note-value:.851;.592;.212;.037;;.395;.295;.046;.001;
most-used-pitches:3.333;3.481;3.518;3.962;3.814;.164;.133;.110;.098;.088
time-signature:.111/.037;
key-signature:3.14074074074074074074;
