scales:8.266;1.566;0;0;0;.033;2.433;3.266;.100;0;0;0;.266;1.533;9.900;1.733;0;.066;0;0;2.633;4.366;.700;0;0;0;.066;2.066;
average-pitch:3.46823462157358578820;
average-note-value:.11078609628686884644;
average-steps:1.93889816324026850342;.42164589796168743536;2.63333333333333333333
repeated-pitches:6.766;1.433;.400;.066;0;1.000;2.700
repeated-note-value:2.000;1.366;1.000;.766;.166;5.300;.662;0
most-used-note-value:.116;.158;.311;.329;.100;.545;.287;.124;.038;.005
most-used-pitches:3.633;2.633;3.433;2.816;2.716;.306;.245;.201;.136;.096
time-signature:2.446/4.044;
key-signature:3.64666666666666666666;
