scales:18.625;2.916;.500;0;0;0;2.791;9.458;.708;0;0;0;.041;2.125;20.000;6.166;1.541;.708;.041;0;3.791;13.500;2.875;.083;0;0;.041;2.500;
average-pitch:3.51496000344636214396;
average-note-value:.14877874429036421734;
average-steps:1.41324287945149568253;.05185931591188005628;2.54166666666666666666
repeated-pitches:31.625;10.541;4.291;2.041;.625;9.916;5.208
repeated-note-value:9.708;5.333;3.250;4.083;4.166;10.083;1.515;0
most-used-note-value:.140;.221;.414;.236;.127;.611;.265;.082;.023;.002
most-used-pitches:3.375;2.625;3.791;3.250;3.708;.331;.199;.156;.130;.091
time-signature:4.110/4.076;
key-signature:3.64583333333333333333;
