scales:33.900;13.333;5.200;1.666;.366;.100;4.166;14.066;1.166;.100;0;0;.100;2.200;24.233;17.900;6.100;3.066;.566;.900;5.000;22.000;2.733;.066;0;0;.100;2.266;
average-pitch:3.46665489207004133924;
average-note-value:.20260411462442756650;
average-steps:1.89070767195767195767;1.06345899470899470899;2.60000000000000000000
repeated-pitches:35.066;10.666;3.433;.833;.600;10.833;9.866
repeated-note-value:1.800;3.233;.833;.833;2.666;22.866;4.691;.033
most-used-note-value:.191;.339;.281;.283;.268;.538;.273;.127;.024;.004
most-used-pitches:2.433;2.800;2.733;2.883;3.600;.180;.158;.130;.112;.098
time-signature:3.738/4.200;
key-signature:3.78333333333333333333;
