scales:69.066;6.433;1.833;1.033;.566;.166;3.900;80.933;11.500;.366;0;0;0;3.066;63.300;12.900;1.533;1.133;.300;.366;4.200;65.066;7.200;.266;0;0;0;3.033;
average-pitch:3.71420612850783713849;
average-note-value:.13140282362843926469;
average-steps:2.15668613872616338901;1.43305244371798656313;2.03333333333333333333
repeated-pitches:5.800;.133;.066;0;0;.066;1.666
repeated-note-value:4.400;3.233;.666;1.266;6.333;112.233;16.920;0
most-used-note-value:.185;.191;.264;.308;.119;.529;.233;.069;.032;.002
most-used-pitches:3.933;2.950;3.166;2.966;3.900;.263;.213;.174;.151;.122
time-signature:3.266/4.333;
key-signature:4.42333333333333333333;
