scales:77.733;27.433;9.433;3.766;1.166;.133;5.300;25.833;.866;0;0;0;.033;2.400;71.800;30.033;16.300;6.900;1.433;.300;5.833;44.366;1.366;.033;0;0;.033;2.566;
average-pitch:3.77258182543299510721;
average-note-value:.14835559207058257024;
average-steps:1.32971403052080707898;.11142556942249436723;2.63333333333333333333
repeated-pitches:21.666;4.266;.533;.033;.066;3.466;3.466
repeated-note-value:9.600;7.566;3.333;2.400;2.866;11.033;3.511;
most-used-note-value:.583;.641;.466;.054;;.403;.256;.159;.003;
most-used-pitches:4.216;3.366;3.300;3.433;3.466;.192;.172;.148;.133;.118
time-signature:1.785/.833;
key-signature:2.78000000000000000000;
