scales:9.708;1.791;.375;.208;.166;.250;3.625;11.916;3.375;.083;0;0;0;3.000;6.958;1.791;.375;.166;.208;.166;3.708;7.625;1.500;.083;0;0;0;2.541;
average-pitch:3.64802454688511556174;
average-note-value:.08589493050441800441;
average-steps:2.35416666666666666666;1.79861111111111111111;.83333333333333333333
repeated-pitches:.541;0;0;0;0;0;1.125
repeated-note-value:.458;.500;.208;.416;1.000;16.583;1.582;.083
most-used-note-value:.125;.252;.441;.383;.537;.492;.153;.082;.046;.018
most-used-pitches:2.250;3.541;3.291;4.458;3.104;.226;.172;.150;.127;.110
time-signature:3.916/3.916;
key-signature:4.42500000000000000000;
