scales:84.733;33.300;11.466;3.633;1.366;.266;5.400;31.366;1.566;0;0;0;.033;2.566;72.000;34.500;13.266;5.266;1.933;.333;5.866;49.533;3.466;.066;0;0;.033;2.833;
average-pitch:3.72775011047655663264;
average-note-value:.20748348622250043904;
average-steps:1.73110614239188071466;.25420414114858185392;2.83333333333333333333
repeated-pitches:46.966;16.266;4.400;.800;.266;15.533;4.833
repeated-note-value:10.933;7.533;2.400;1.500;2.366;8.800;3.733;
most-used-note-value:.233;.266;.391;.702;.277;.333;.265;.209;.116;.027
most-used-pitches:4.250;2.966;2.866;3.066;3.866;.186;.162;.140;.127;.115
time-signature:3.257/2.885;
key-signature:2.25666666666666666666;
