scales:69.766;13.400;2.133;1.266;.400;.300;4.800;59.733;4.833;.300;0;0;0;3.033;64.400;15.633;3.233;2.533;1.366;.633;5.866;55.266;6.100;.566;0;0;0;3.200;
average-pitch:3.25519188145649488031;
average-note-value:.10762296608306849172;
average-steps:1.51112129048855055046;.38899253130483780638;2.46666666666666666666
repeated-pitches:8.400;.266;0;0;0;.133;2.066
repeated-note-value:7.133;3.666;2.500;2.833;11.833;44.866;7.433;0
most-used-note-value:.110;.211;.219;.312;.139;.557;.256;.111;.026;.004
most-used-pitches:4.133;2.366;2.166;4.633;4.200;.177;.155;.133;.101;.090
time-signature:3.127/5.288;
key-signature:3.79000000000000000000;
