scales:63.137;20.241;6.931;2.344;.482;.586;5.551;19.758;2.137;0;0;0;.275;2.310;51.931;22.896;8.068;4.068;1.482;.862;5.413;25.448;3.000;.068;0;0;.275;2.620;
average-pitch:3.81725739912827832794;
average-note-value:.13224533277002303150;
average-steps:2.14869800584810726798;1.10981687345784708867;2.13793103448275862068
repeated-pitches:16.517;3.172;.896;.068;.034;2.586;2.827
repeated-note-value:2.172;4.827;.896;1.862;4.344;19.620;2.428;0
most-used-note-value:.189;.150;.350;.196;.258;.560;.331;.077;.025;.004
most-used-pitches:3.620;2.965;3.241;3.206;3.862;.186;.166;.145;.128;.113
time-signature:3.379/3.724;
key-signature:4.23793103448275862068;
