scales:170.166;37.300;10.666;4.433;1.366;2.200;5.800;166.066;14.866;1.300;0;0;0;3.266;176.533;44.566;15.000;9.733;4.566;2.000;6.233;166.633;16.800;.733;0;0;0;3.333;
average-pitch:3.67716877431581296889;
average-note-value:.13624475623093663649;
average-steps:1.05171563601776292401;.14673684047816329257;2.46666666666666666666
repeated-pitches:57.900;15.700;16.133;3.633;2.333;20.100;8.900
repeated-note-value:7.766;7.866;4.000;3.800;15.100;62.333;8.349;0
most-used-note-value:.164;.206;.345;.260;.229;.454;.293;.134;.054;.010
most-used-pitches:3.566;2.633;2.400;3.033;5.100;.209;.170;.137;.122;.105
time-signature:2.366/3.233;
key-signature:4.23333333333333333333;
