scales:22.766;4.866;1.166;.500;.166;0;3.533;21.266;2.633;.100;0;0;.033;2.433;24.933;6.133;2.066;.966;.433;0;4.400;21.466;3.766;0;0;0;0;2.733;
average-pitch:3.67634692703874067330;
average-note-value:.15206074989942651985;
average-steps:1.37412309899580024589;.11112397401733423331;2.20000000000000000000
repeated-pitches:16.300;4.933;1.133;.466;.200;4.266;4.800
repeated-note-value:6.800;3.366;1.466;1.333;2.400;11.600;2.172;.066
most-used-note-value:.183;.231;.335;.335;.097;.500;.289;.123;.041;.006
most-used-pitches:3.433;2.500;3.333;3.733;3.333;.247;.183;.144;.115;.093
time-signature:4.066/5.000;
key-signature:4.11000000000000000000;
