scales:59.566;24.700;5.833;2.133;.733;.133;5.233;23.166;.300;0;0;0;.033;2.066;60.700;25.866;11.966;4.566;1.900;.166;5.466;29.066;1.800;0;0;0;0;2.466;
average-pitch:3.87972356982140680432;
average-note-value:.12623203110003777959;
average-steps:1.58062580509803631373;.24850707957493676715;3.16666666666666666666
repeated-pitches:25.666;5.633;1.533;.433;.366;4.800;4.166
repeated-note-value:11.600;9.233;3.133;2.400;2.666;11.333;6.411;
most-used-note-value:.600;.850;.300;.004;;.462;.313;.133;0;
most-used-pitches:3.300;3.600;4.100;3.933;4.000;.257;.191;.143;.122;.103
time-signature:1.958/.933;
key-signature:1.49333333333333333333;
