scales:3.600;.100;0;0;0;.200;1.666;1.200;0;0;0;0;.633;.733;5.400;1.333;0;.033;0;.066;2.566;2.000;.566;0;0;0;.266;1.800;
average-pitch:2.88251841629642812429;
average-note-value:.12376393774046505436;
average-steps:1.01560603586831563450;.17981542713796621379;3.60000000000000000000
repeated-pitches:6.900;2.600;.700;.533;.166;2.766;5.600
repeated-note-value:2.066;1.166;.800;.433;1.066;8.200;1.266;0
most-used-note-value:.164;.127;.227;.205;.051;.571;.255;.078;.022;.002
most-used-pitches:3.266;3.666;2.933;3.416;2.966;.356;.192;.109;.063;.022
time-signature:2.543/4.062;
key-signature:3.90333333333333333333;
