scales:140.266;34.000;9.300;3.100;.900;.766;5.766;113.833;14.266;.666;0;0;0;3.400;154.233;46.266;13.100;7.533;3.800;1.566;6.033;123.233;12.300;.500;0;0;0;3.233;
average-pitch:3.78069327402027496210;
average-note-value:.02065938102661077771;
average-steps:.99531644322448761916;.21525882684998363027;2.86666666666666666666
repeated-pitches:76.633;11.433;5.533;.300;.100;11.266;6.066
repeated-note-value:9.700;12.633;4.333;5.366;16.833;43.800;6.185;0
most-used-note-value:.137;.170;.304;.337;.197;.505;.264;.128;.044;.009
most-used-pitches:4.000;2.200;2.200;2.866;4.933;.204;.177;.145;.119;.103
time-signature:3.383/4.400;
key-signature:4.08666666666666666666;
