scales:110.000;42.066;13.200;5.833;2.000;2.900;6.133;34.066;.533;0;0;0;2.333;2.400;105.233;41.100;21.900;10.500;2.566;3.033;6.333;62.133;3.233;.033;0;0;2.333;2.733;
average-pitch:3.71526853503891824979;
average-note-value:.22235144596857918726;
average-steps:1.71780570098883849555;.12519059560710597870;2.83333333333333333333
repeated-pitches:33.033;6.500;.466;.100;.066;5.666;3.600
repeated-note-value:17.433;12.033;4.366;3.100;4.766;15.000;6.002;
most-used-note-value:.600;.766;.383;.087;;.421;.268;.165;.007;
most-used-pitches:3.966;3.533;3.066;2.900;4.066;.202;.175;.147;.126;.113
time-signature:1.539/.766;
key-signature:2.72000000000000000000;
